       N       E                     dE             d eps       ncg     rms          rms(c)
DAV:   1     0.199488166258E+03    0.19949E+03   -0.63813E+03 42232   0.694E+02
DAV:   2     0.385322726502E+02   -0.16096E+03   -0.15683E+03 57800   0.132E+02
DAV:   3    -0.118925155256E+02   -0.50425E+02   -0.49881E+02 47956   0.824E+01
DAV:   4    -0.143531444647E+02   -0.24606E+01   -0.23192E+01 34376   0.207E+01
DAV:   5    -0.144052279492E+02   -0.52083E-01   -0.51816E-01 41956   0.310E+00
RMM:   6    -0.144065413911E+02   -0.13134E-02   -0.13134E-02 35133   0.487E-01
RMM:   7    -0.144066948210E+02   -0.15343E-03   -0.15635E-03 29640   0.116E-01
   1 F= -.14406695E+02 E0= -.14406695E+02  d E =0.000000E+00  mag=     0.9867
